ISS (ZARYA)             
1 25544U 98067A   23027.89856891  .00018745  00000+0  33296-3 0  9998
2 25544  51.6430 303.4156 0004851 283.7207 194.2458 15.50220375380037
AEROCUBE 12A            
1 43556U 18046C   23027.36680495  .00066643  00000+0  10207-2 0  9993
2 43556  51.6314 163.4890 0003762 145.6645 214.4589 15.53710909253929
AEROCUBE 12B            
1 43557U 18046D   23027.58362756  .00048662  00000+0  92061-3 0  9995
2 43557  51.6337 172.3330 0005180 131.9870 228.1560 15.47889590253777
LEMUR-2-VU              
1 43558U 18046E   23027.48983927  .00737394  24985-3  16313-2 0  9998
2 43558  51.6224 120.5168 0009653   3.9511 356.1572 15.97318823254504
LEMUR-2-TOMHENDERSON    
1 43561U 18046H   23026.78424603  .00536814  00000+0  21110-2 0  9998
2 43561  51.6353 133.1478 0010679  70.7915 289.4243 15.84879842253832
ICS-EF (ISS DEB)        
1 45265U 98067RJ  23027.70178336  .00137126  00000+0  52850-3 0  9993
2 45265  51.6275 246.6086 0001875 259.8349 100.2444 15.86385848166883
ISS DEB                 
1 47853U 98067RZ  23027.14620224  .00023576  00000+0  29621-3 0  9997
2 47853  51.6386 291.9925 0002720 116.9736 243.1535 15.59569504106749
MMSATS-1                
1 47976U 98067SJ  23027.92646539  .00114221  00000+0  60732-3 0  9992
2 47976  51.6347 265.4786 0003698 162.0257 212.5171 15.79615936105443
CSS (TIANHE)            
1 48274U 21035A   23027.84496461 -.00115221  00000+0 -13566-2 0  9998
2 48274  41.4699 291.5042 0003086  37.7554  42.1941 15.60829393 99882
ISS (NAUKA)             
1 49044U 21066A   23027.55332176  .00022744  00000+0  40215-3 0  9995
2 49044  51.6445 305.1233 0004855 286.0842  63.8819 15.50217736379974
FREGAT DEB              
1 49271U 11037PF  23027.14001409  .00023822  00000+0  86840-1 0  9991
2 49271  51.5877 338.0824 0917090 143.1310 223.6304 11.99115037 73934
KITSUNE                 
1 52148U 98067TK  23027.79310811  .00178917  00000+0  95965-3 0  9993
2 52148  51.6305 280.9157 0002537 134.7296 336.3787 15.79213311 48320
PROGRESS-MS 20          
1 52795U 22059A   23027.55332176  .00022744  00000+0  40215-3 0  9995
2 52795  51.6445 305.1233 0004855 286.0842  63.8819 15.50217736379971
CSS (WENTIAN)           
1 53239U 22085A   23027.15314976  .00016771  00000+0  19867-3 0  9994
2 53239  41.4750 295.7370 0002594  49.1184  98.3854 15.60851686 99770
1998-067TQ              
1 53305U 98067TQ  23027.76592791  .00463965  00000+0  14969-2 0  9999
2 53305  51.6316 287.7104 0006536 191.6839 168.4016 15.89135691 29719
YUZGU 8                 
1 53306U 98067TR  23025.79167360  .07011754  12129-4  11372-2 0  9998
2 53306  51.6063 292.9414 0006142 218.6650 243.8329 16.32721285 29461
1998-067TS              
1 53307U 98067TS  23027.69033740  .14957032  12382-4  10456-2 0  9993
2 53307  51.6114 283.1092 0006346 257.3522 202.1611 16.40239376 29799
YUZGU 9 (RS3S)          
1 53308U 98067TT  23027.78988713  .03699802  11885-4  15308-2 0  9997
2 53308  51.6184 283.2673 0008357 219.4778 140.5633 16.22341098 29838
YUZGU 7 (RS1S)          
1 53309U 98067TU  23026.78154543  .07817383  12266-4  25237-2 0  9999
2 53309  51.5369 287.2498 0215129 186.3126 284.9191 16.41937082 29633
YUZGU 11 (RS5S)         
1 53310U 98067TV  23027.76984446  .06262224  12063-4  13277-2 0  9996
2 53310  51.6176 283.1282 0007518 230.4166 129.6193 16.29960334 29813
TSIOLKOVSKY-RYAZAN 1 (*)
1 53312U 98067TX  23027.23010772  .07984851  12172-4  10935-2 0  9999
2 53312  51.6130 285.5123 0006786 228.9660 131.0778 16.34340713 29693
TSIOLKOVSKY-RYAZAN 2 (*)
1 53313U 98067TY  23026.97308729  .06837664  12107-4  11989-2 0  9998
2 53313  51.6138 286.8016 0007101 224.7047 135.3404 16.31921957 29709
YUZGU 10 (RS4S)         
1 53321U 98067TZ  23027.76654727  .09832796  12228-4  11772-2 0  9995
2 53321  51.6166 282.8617 0006462 242.6129 229.0481 16.35602540 29828
YUZGU UA                
1 53322U 98067UA  23025.95491190  .05516837  12034-4  12755-2 0  9996
2 53322  51.6186 292.0025 0007284 215.2566 144.7975 16.29048032 29498
HSU-SAT1                
1 53462U 98067UB  23027.10673968  .00191001  00000+0  12094-2 0  9993
2 53462  51.6326 295.3335 0004149 104.9632 255.1827 15.75435274 26188
FUTABA                  
1 53463U 98067UC  23027.16368698  .00373423  00000+0  14155-2 0  9991
2 53463  51.6275 291.9175 0004945 149.3117 210.8177 15.86091957 26231
TUMNANOSAT              
1 53464U 98067UD  23027.08336071  .01684134  21234-2  17938-2 0  9995
2 53464  51.6224 288.3138 0007664 195.3555 164.7227 16.09944339 26277
D3                      
1 53767U 98067UE  23027.12949830  .00113200  00000+0  10216-2 0  9996
2 53767  51.6347 299.2800 0004436 111.7707 248.3762 15.67277403 22252
BEAVERCUBE              
1 53768U 98067UF  23027.33409287  .00098374  00000+0  90490-3 0  9994
2 53768  51.6373 298.3938 0003348 125.3809 234.7501 15.66873584 22294
CLICK-A                 
1 53769U 98067UG  23027.29345122  .00303143  00000+0  15771-2 0  9998
2 53769  51.6439 295.1780 0003810 168.1262 191.9830 15.79528321 22334
CAPSAT 1                
1 53770U 98067UH  23027.74554449  .07420647  12089-4  13556-2 0  9994
2 53770  51.6150 285.9862 0007671 225.6545 134.3850 16.31492159 22494
ISS DEB                 
1 53772U 98067UK  23027.12992764  .00265856  00000+0  14852-2 0  9991
2 53772  51.6324 296.2448 0003943 146.8717 213.2532 15.78050328 22297
SOYUZ-MS 22             
1 53879U 22116A   23027.55332176  .00022744  00000+0  40215-3 0  9993
2 53879  51.6445 305.1233 0004855 286.0842  63.8819 15.50217736379975
CREW DRAGON 5           
1 53963U 22124A   23027.55332176  .00022744  00000+0  40215-3 0  9996
2 53963  51.6445 305.1233 0004855 286.0842  63.8819 15.50217736379979
PROGRESS-MS 21          
1 54155U 22140A   23027.55332176  .00022744  00000+0  40215-3 0  9998
2 54155  51.6445 305.1233 0004855 286.0842  63.8819 15.50217736379973
CSS (MENGTIAN)          
1 54216U 22143A   23027.15314976  .00016771  00000+0  19867-3 0  9995
2 54216  41.4750 295.7370 0002594  49.1184  98.3854 15.60851686 99776
CYGNUS NG-18            
1 54232U 22149A   23027.55332176  .00022744  00000+0  40215-3 0  9993
2 54232  51.6445 305.1233 0004855 286.0842  63.8819 15.50217736379979
TIANZHOU-5              
1 54237U 22152A   23027.15314976  .00016771  00000+0  19867-3 0  9998
2 54237  41.4750 295.7370 0002594  49.1184  98.3854 15.60851686 99779
SHENZHOU-15             
1 54379U 22162A   23027.15314976  .00016771  00000+0  19867-3 0  9996
2 54379  41.4750 295.7370 0002594  49.1184  98.3854 15.60851686 99776
1998-067UL              
1 54534U 98067UL  23027.05232169  .00081113  00000+0  10998-2 0  9995
2 54534  51.6396 306.2667 0001191 308.4685  51.6199 15.56948416  8715
1998-067UM              
1 54535U 98067UM  23027.82680074  .00099690  00000+0  12885-2 0  9999
2 54535  51.6414 302.2091 0000845 222.6024 243.8755 15.58135666  8836
1998-067UN              
1 54536U 98067UN  23027.78472439  .00074216  00000+0  10270-2 0  9992
2 54536  51.6443 302.6971 0001634 340.7165 117.2150 15.56438066  8780
1998-067UP              
1 54537U 98067UP  23027.77336502  .00084632  00000+0  11378-2 0  9995
2 54537  51.6423 302.6246 0000733 300.7609 154.7723 15.57158808  8823
XW-4 (CAS-10)           
1 54816U 21035C   23027.89263188  .00186080  00000+0  13456-2 0  9997
2 54816  41.4761 289.3973 0011577 209.5406 150.4768 15.72019453  6270
MARIO                   
1 55123U 98067UQ  23027.25135929  .00079264  00000+0  11532-2 0  9997
2 55123  51.6411 306.0973 0000276 137.8377 222.2636 15.55050113  4547
NUTSAT                  
1 55124U 98067UR  23027.30555107  .00116343  00000+0  15868-2 0  9994
2 55124  51.6404 305.7080 0001749 186.5092 173.5877 15.56620766  4549
LORIS                   
1 55125U 98067US  23027.06505402  .00070102  00000+0  10548-2 0  9993
2 55125  51.6402 307.1012 0001172 359.4403   0.6586 15.54183018  4523
ORCASAT                 
1 55126U 98067UT  23027.19730462  .00055493  00000+0  85024-3 0  9992
2 55126  51.6409 306.4845 0001491 356.7131   3.3849 15.53784340  4547
DANTESAT                
1 55127U 98067UU  23027.06239734  .01064553  00000+0  35398-2 0  9991
2 55127  51.6308 304.0672 0014712 190.6718 169.3977 15.87059124  4529
TJREVERB                
1 55128U 98067UV  23027.39203539  .00058417  00000+0  89158-3 0  9997
2 55128  51.6407 305.5347 0002380 321.2832  38.7988 15.53867768  4561
SPORT                   
1 55129U 98067UW  23027.14743479  .00039379  00000+0  63978-3 0  9991
2 55129  51.6418 306.9010 0001587 307.7136  52.3710 15.52311053  4521
PETITSAT                
1 55130U 98067UX  23027.39211426  .00102034  00000+0  14903-2 0  9994
2 55130  51.6406 305.5351 0002268 230.3228 129.7563 15.54826950  4516
SS-1                    
1 55181U 98067UY  23027.20630449  .00070910  00000+0  10780-2 0  9996
2 55181  51.6404 306.5428 0003986 242.5233 117.5353 15.53888780  3244
HSKSAT                  
1 55182U 98067UZ  23027.20931148  .00047932  00000+0  75396-3 0  9990
2 55182  51.6410 306.5628 0003407 235.6196 124.4472 15.53117290  3254
OPTIMAL-1               
1 55183U 98067VA  23027.14714448  .00048096  00000+0  76613-3 0  9991
2 55183  51.6415 306.8976 0004014 344.3701  15.7164 15.52764478  3248s