TDRS 3                  
1 19548U 88091B   23025.88085097 -.00000305  00000+0  00000+0 0  9997
2 19548  13.5506 349.6096 0040120 334.1468  69.2737  1.00265069112975
TDRS 5                  
1 21639U 91054B   23026.16742104  .00000079  00000+0  00000+0 0  9992
2 21639  14.2188   2.9215 0027202 351.6004  23.4880  1.00279627115307
TDRS 6                  
1 22314U 93003B   23026.36810936 -.00000302  00000+0  00000+0 0  9990
2 22314  14.1436   6.1811 0007038 133.1311  72.6710  1.00276168109993
TDRS 7                  
1 23613U 95035B   23026.41507789 -.00000207  00000+0  00000+0 0  9999
2 23613  13.8907 356.8909 0025227  48.8593 313.8137  1.00276243100844
TDRS 8                  
1 26388U 00034A   23026.56264733 -.00000242  00000+0  00000+0 0  9990
2 26388  10.7187  41.0012 0020938 329.1649  47.1854  1.00277457 82773
TDRS 9                  
1 27389U 02011A   23025.16666667  .00000018  00000+0  00000+0 0  9996
2 27389   9.5050  58.4659 0000779 191.3235 188.9578  0.99159049 78012
TDRS 10                 
1 27566U 02055A   23026.63280961  .00000082  00000+0  00000+0 0  9994
2 27566   8.6112  48.6870 0007297 315.6945 177.9505  1.00275387 73824
TDRS 11                 
1 39070U 13004A   23026.62839514  .00000077  00000+0  00000+0 0  9990
2 39070   2.7676 353.0686 0004318  41.6502 142.6852  1.00272850 34284
TDRS 12                 
1 39504U 14004A   23026.39576731 -.00000271  00000+0  00000+0 0  9993
2 39504   3.6948 351.5927 0000300 228.2215   7.1513  1.00273174 31860
TDRS 13                 
1 42915U 17047A   23026.10535708 -.00000103  00000+0  00000+0 0  9995
2 42915   4.1754 335.9185 0013615 109.1660  66.3180  1.00271212 19939
